OUTPUT OF NAIVE BAYES CLASIIFIER ON DIASBETES DATASET

> mydata <-read.csv(file = "/home/prjlab/diabetes.csv", header = TRUE, sep=",")
> 
> View(mydata)
> library(caTools)
> 
> library(e1071)
> emp_field <- sample.split(mydata,SplitRatio=0.7)
> temp_field <- sample.split(mydata,SplitRatio=0.7)
> train <- subset(mydata, temp_field==TRUE)
> test <- subset(mydata, temp_field==FALSE)
> head(train)
  Pregnancies Glucose BloodPressure SkinThickness Insulin  BMI DiabetesPedigreeFunction Age Outcome
2           1      85            66            29       0 26.6                    0.351  31       0
3           8     183            64             0       0 23.3                    0.672  32       1
4           1      89            66            23      94 28.1                    0.167  21       0
5           0     137            40            35     168 43.1                    2.288  33       1
6           5     116            74             0       0 25.6                    0.201  30       0
8          10     115             0             0       0 35.3                    0.134  29       0
> head(test)
   Pregnancies Glucose BloodPressure SkinThickness Insulin  BMI DiabetesPedigreeFunction Age Outcome
1            6     148            72            35       0 33.6                    0.627  50       1
7            3      78            50            32      88 31.0                    0.248  26       1
9            2     197            70            45     543 30.5                    0.158  53       1
10           8     125            96             0       0  0.0                    0.232  54       1
16           7     100             0             0       0 30.0                    0.484  32       1
18           7     107            74             0       0 29.6                    0.254  31       1
> my_model <-naiveBayes(as.factor(train$Outcome)~.,train)
> my_model

Naive Bayes Classifier for Discrete Predictors

Call:
naiveBayes.default(x = X, y = Y, laplace = laplace)

A-priori probabilities:
Y
        0         1 
0.6640625 0.3359375 

Conditional probabilities:
   Pregnancies
Y       [,1]     [,2]
  0 3.267647 3.084189
  1 4.563953 3.716800

   Glucose
Y       [,1]     [,2]
  0 109.5294 25.92039
  1 142.7442 33.51815

   BloodPressure
Y       [,1]     [,2]
  0 68.32941 18.58879
  1 70.76163 20.14265

   SkinThickness
Y       [,1]     [,2]
  0 19.15588 14.90132
  1 20.34884 17.97319

   Insulin
Y       [,1]      [,2]
  0 63.98235  97.37286
  1 93.14535 139.29201

   BMI
Y       [,1]     [,2]
  0 30.57559 7.288097
  1 34.88256 6.691213

   DiabetesPedigreeFunction
Y        [,1]      [,2]
  0 0.4278147 0.2956751
  1 0.5620349 0.3996639

   Age
Y       [,1]     [,2]
  0 30.86176 11.17737
  1 36.76744 11.13729

> pred1<-predict(my_model,test[,-9])
> pred1
  [1] 1 0 1 0 0 0 0 1 1 0 0 0 1 0 1 1 0 1 1 0 0 0 0 0 1 0 0 0 0 0 0 0 0 1 0 0 0 1 0 0 0 0 0 1 0 0 0 0 1 0 1 1 1 0 0 0 0 0 0 1
 [61] 0 1 0 0 1 0 0 0 1 1 0 1 0 0 0 0 1 0 0 0 0 1 0 0 0 1 1 0 1 0 1 0 0 0 0 1 0 0 1 0 0 0 1 0 1 0 0 1 0 1 1 0 1 0 0 0 0 0 1 1
[121] 1 0 0 0 1 0 1 0 0 0 0 1 0 0 1 0 0 0 0 0 0 0 0 0 0 0 1 0 0 0 0 0 1 1 0 0 0 0 0 0 0 1 1 0 0 1 0 0 0 0 0 0 1 0 0 0 0 0 0 1
[181] 1 1 1 1 0 0 1 0 0 0 0 0 0 1 1 0 0 1 1 0 0 1 0 1 1 1 0 1 0 0 0 0 0 0 1 1 1 0 0 1 1 0 1 0 1 1 1 0 0 0 0 1 0 0 1 1 1 0 0 0
[241] 0 0 0 0 0 0 0 1 1 0 1 1 0 0 0 0
Levels: 0 1
> View(pred1)
> pred1<-predict(my_model,test[,-9],type="class")
> pred1
  [1] 1 0 1 0 0 0 0 1 1 0 0 0 1 0 1 1 0 1 1 0 0 0 0 0 1 0 0 0 0 0 0 0 0 1 0 0 0 1 0 0 0 0 0 1 0 0 0 0 1 0 1 1 1 0 0 0 0 0 0 1
 [61] 0 1 0 0 1 0 0 0 1 1 0 1 0 0 0 0 1 0 0 0 0 1 0 0 0 1 1 0 1 0 1 0 0 0 0 1 0 0 1 0 0 0 1 0 1 0 0 1 0 1 1 0 1 0 0 0 0 0 1 1
[121] 1 0 0 0 1 0 1 0 0 0 0 1 0 0 1 0 0 0 0 0 0 0 0 0 0 0 1 0 0 0 0 0 1 1 0 0 0 0 0 0 0 1 1 0 0 1 0 0 0 0 0 0 1 0 0 0 0 0 0 1
[181] 1 1 1 1 0 0 1 0 0 0 0 0 0 1 1 0 0 1 1 0 0 1 0 1 1 1 0 1 0 0 0 0 0 0 1 1 1 0 0 1 1 0 1 0 1 1 1 0 0 0 0 1 0 0 1 1 1 0 0 0
[241] 0 0 0 0 0 0 0 1 1 0 1 1 0 0 0 0
Levels: 0 1
> pred1<-predict(my_model,test[,-9],type="raw")
> pred1
                  0            1
  [1,] 3.256009e-01 0.6743990801
  [2,] 9.756554e-01 0.0243446105
  [3,] 3.331702e-05 0.9999666830
  [4,] 9.904276e-01 0.0095723515
  [5,] 8.555616e-01 0.1444383506
  [6,] 9.136621e-01 0.0863378944
  [7,] 8.611410e-01 0.1388590355
  [8,] 9.451802e-02 0.9054819795
  [9,] 3.466208e-01 0.6533792112
 [10,] 9.868593e-01 0.0131406758
 [11,] 9.811143e-01 0.0188857268
 [12,] 8.419191e-01 0.1580809464
 [13,] 3.707653e-01 0.6292347132
 [14,] 9.108849e-01 0.0891151239
 [15,] 4.885711e-01 0.5114288662
 [16,] 2.697584e-04 0.9997302416
 [17,] 9.849429e-01 0.0150570815
 [18,] 6.459929e-03 0.9935400706
 [19,] 2.632181e-02 0.9736781863
 [20,] 9.996391e-01 0.0003608555
 [21,] 9.666514e-01 0.0333486487
 [22,] 8.691514e-01 0.1308486131
 [23,] 8.144682e-01 0.1855317686
 [24,] 8.273265e-01 0.1726735266
 [25,] 1.016953e-01 0.8983047276
 [26,] 7.069903e-01 0.2930097380
 [27,] 9.855737e-01 0.0144262963
 [28,] 9.996389e-01 0.0003610610
 [29,] 9.469250e-01 0.0530750156
 [30,] 9.807639e-01 0.0192361340
 [31,] 9.955331e-01 0.0044668736
 [32,] 9.746391e-01 0.0253609414
 [33,] 9.707856e-01 0.0292144342
 [34,] 3.929990e-01 0.6070010386
 [35,] 8.900569e-01 0.1099430958
 [36,] 7.428794e-01 0.2571205932
 [37,] 9.694785e-01 0.0305214901
 [38,] 2.530966e-01 0.7469034207
 [39,] 8.055359e-01 0.1944640671
 [40,] 9.468036e-01 0.0531963785
 [41,] 5.716624e-01 0.4283376283
 [42,] 8.598195e-01 0.1401804565
 [43,] 7.951117e-01 0.2048882696
 [44,] 2.011861e-01 0.7988139422
 [45,] 9.878175e-01 0.0121825487
 [46,] 8.769189e-01 0.1230810928
 [47,] 8.306522e-01 0.1693477592
 [48,] 6.908305e-01 0.3091695467
 [49,] 3.668832e-01 0.6331167971
 [50,] 5.741149e-01 0.4258851308
 [51,] 2.261125e-02 0.9773887456
 [52,] 3.829503e-03 0.9961704972
 [53,] 1.191225e-03 0.9988087752
 [54,] 7.063823e-01 0.2936177404
 [55,] 5.567624e-01 0.4432375563
 [56,] 9.304317e-01 0.0695683436
 [57,] 9.035717e-01 0.0964283254
 [58,] 7.217408e-01 0.2782592336
 [59,] 5.168288e-01 0.4831712071
 [60,] 3.857049e-01 0.6142951166
 [61,] 9.712179e-01 0.0287820689
 [62,] 1.255071e-04 0.9998744929
 [63,] 8.280905e-01 0.1719094777
 [64,] 7.518203e-01 0.2481796822
 [65,] 2.053240e-01 0.7946760205
 [66,] 9.808363e-01 0.0191637367
 [67,] 7.622665e-01 0.2377335068
 [68,] 5.687346e-01 0.4312653510
 [69,] 1.599543e-03 0.9984004571
 [70,] 1.323454e-01 0.8676545895
 [71,] 7.443328e-01 0.2556671540
 [72,] 1.172053e-02 0.9882794651
 [73,] 8.686633e-01 0.1313366632
 [74,] 8.330858e-01 0.1669142499
 [75,] 9.820398e-01 0.0179602060
 [76,] 9.714480e-01 0.0285519768
 [77,] 3.144113e-02 0.9685588678
 [78,] 8.787754e-01 0.1212245960
 [79,] 9.838281e-01 0.0161719239
 [80,] 9.846276e-01 0.0153723875
 [81,] 9.339875e-01 0.0660125250
 [82,] 3.173800e-01 0.6826200384
 [83,] 9.644262e-01 0.0355737703
 [84,] 9.253019e-01 0.0746980528
 [85,] 9.887425e-01 0.0112575065
 [86,] 1.772985e-02 0.9822701514
 [87,] 1.485227e-01 0.8514773248
 [88,] 6.516547e-01 0.3483452911
 [89,] 4.475286e-01 0.5524714037
 [90,] 7.838350e-01 0.2161649773
 [91,] 1.244183e-01 0.8755816859
 [92,] 9.541298e-01 0.0458702040
 [93,] 7.705111e-01 0.2294888672
 [94,] 8.324441e-01 0.1675559464
 [95,] 5.644804e-01 0.4355195872
 [96,] 4.264751e-01 0.5735248698
 [97,] 9.907578e-01 0.0092422306
 [98,] 5.117034e-01 0.4882966071
 [99,] 2.372586e-01 0.7627413856
[100,] 8.372245e-01 0.1627754797
[101,] 7.155901e-01 0.2844099251
[102,] 8.407403e-01 0.1592596786
[103,] 2.394442e-01 0.7605557719
[104,] 8.261221e-01 0.1738778875
[105,] 3.192083e-01 0.6807916664
[106,] 9.459037e-01 0.0540963113
[107,] 9.507824e-01 0.0492175640
[108,] 8.440888e-02 0.9155911216
[109,] 9.426127e-01 0.0573873325
[110,] 1.427179e-01 0.8572821383
[111,] 6.682824e-02 0.9331717603
[112,] 6.992409e-01 0.3007591135
[113,] 7.109054e-02 0.9289094583
[114,] 9.631109e-01 0.0368890511
[115,] 9.427030e-01 0.0572970063
[116,] 9.894797e-01 0.0105202988
[117,] 9.065303e-01 0.0934697141
[118,] 8.228893e-01 0.1771106581
[119,] 7.819185e-02 0.9218081519
[120,] 1.046846e-02 0.9895315375
[121,] 1.700874e-02 0.9829912631
[122,] 9.077340e-01 0.0922660103
[123,] 9.852777e-01 0.0147223397
[124,] 6.480253e-01 0.3519747367
[125,] 5.401263e-03 0.9945987369
[126,] 9.567750e-01 0.0432249523
[127,] 3.681748e-01 0.6318252330
[128,] 9.675401e-01 0.0324599324
[129,] 8.433591e-01 0.1566409370
[130,] 5.113184e-01 0.4886815627
[131,] 9.609543e-01 0.0390457188
[132,] 4.525990e-02 0.9547400993
[133,] 8.929089e-01 0.1070910825
[134,] 6.481782e-01 0.3518217886
[135,] 2.968812e-01 0.7031187912
[136,] 7.841964e-01 0.2158035635
[137,] 8.982082e-01 0.1017918201
[138,] 9.368128e-01 0.0631871847
[139,] 7.944793e-01 0.2055206729
[140,] 6.911749e-01 0.3088250952
[141,] 9.082223e-01 0.0917776560
[142,] 9.651228e-01 0.0348771584
[143,] 8.630671e-01 0.1369328871
[144,] 9.484028e-01 0.0515971624
[145,] 9.821994e-01 0.0178005572
[146,] 9.952472e-01 0.0047528006
[147,] 7.425634e-02 0.9257436604
[148,] 9.786037e-01 0.0213963398
[149,] 9.242742e-01 0.0757257994
[150,] 9.530461e-01 0.0469538630
[151,] 9.936584e-01 0.0063415877
[152,] 6.283085e-01 0.3716914853
[153,] 8.343587e-03 0.9916564127
[154,] 2.487115e-01 0.7512884961
[155,] 9.811458e-01 0.0188541800
[156,] 9.311515e-01 0.0688485279
[157,] 6.837958e-01 0.3162041784
[158,] 9.555084e-01 0.0444915732
[159,] 7.755459e-01 0.2244541389
[160,] 9.395608e-01 0.0604391981
[161,] 9.523721e-01 0.0476279317
[162,] 4.891926e-01 0.5108073592
[163,] 1.515414e-02 0.9848458645
[164,] 9.270953e-01 0.0729047002
[165,] 9.996082e-01 0.0003918139
[166,] 1.889129e-01 0.8110870744
[167,] 9.514766e-01 0.0485233938
[168,] 8.128022e-01 0.1871977859
[169,] 8.746741e-01 0.1253258627
[170,] 6.677529e-01 0.3322470541
[171,] 8.307288e-01 0.1692711738
[172,] 9.814364e-01 0.0185636297
[173,] 2.811497e-01 0.7188503102
[174,] 8.847223e-01 0.1152777223
[175,] 9.985077e-01 0.0014922852
[176,] 9.206247e-01 0.0793752912
[177,] 9.305963e-01 0.0694036746
[178,] 8.578119e-01 0.1421880529
[179,] 9.205492e-01 0.0794508430
[180,] 3.018610e-01 0.6981389731
[181,] 3.789673e-01 0.6210326753
[182,] 3.333945e-03 0.9966660548
[183,] 2.522829e-01 0.7477171093
[184,] 6.878536e-02 0.9312146371
[185,] 7.549792e-01 0.2450207644
[186,] 7.193434e-01 0.2806565906
[187,] 3.653197e-01 0.6346803488
[188,] 9.533768e-01 0.0466231921
[189,] 9.546805e-01 0.0453195362
[190,] 8.585465e-01 0.1414534828
[191,] 9.654040e-01 0.0345959942
[192,] 8.870038e-01 0.1129962383
[193,] 9.019358e-01 0.0980641560
[194,] 3.662018e-01 0.6337981851
[195,] 2.759009e-04 0.9997240991
[196,] 9.920029e-01 0.0079970557
[197,] 8.174698e-01 0.1825301957
[198,] 2.215683e-01 0.7784316714
[199,] 4.048076e-01 0.5951924435
[200,] 9.737620e-01 0.0262379920
[201,] 9.302426e-01 0.0697574114
[202,] 1.693854e-01 0.8306145662
[203,] 9.738652e-01 0.0261347867
[204,] 1.868135e-01 0.8131864670
[205,] 7.396466e-03 0.9926035345
[206,] 1.624827e-01 0.8375172590
[207,] 8.189274e-01 0.1810726139
[208,] 2.630427e-01 0.7369572606
[209,] 9.101867e-01 0.0898132518
[210,] 9.876012e-01 0.0123988084
[211,] 8.498097e-01 0.1501903424
[212,] 8.864219e-01 0.1135781181
[213,] 6.619444e-01 0.3380556116
[214,] 9.914363e-01 0.0085637166
[215,] 1.291970e-02 0.9870802973
[216,] 2.262422e-01 0.7737577703
[217,] 3.600151e-01 0.6399849289
[218,] 9.510095e-01 0.0489904520
[219,] 9.885699e-01 0.0114300548
[220,] 1.268225e-01 0.8731774610
[221,] 1.412528e-01 0.8587472038
[222,] 8.935494e-01 0.1064506492
[223,] 3.504479e-01 0.6495521466
[224,] 6.514198e-01 0.3485801546
[225,] 4.735923e-01 0.5264077458
[226,] 8.848766e-02 0.9115123401
[227,] 3.665128e-01 0.6334871968
[228,] 8.749514e-01 0.1250486253
[229,] 9.808368e-01 0.0191632088
[230,] 8.271529e-01 0.1728471170
[231,] 7.636769e-01 0.2363231038
[232,] 3.823252e-01 0.6176747574
[233,] 6.534705e-01 0.3465294537
[234,] 7.487297e-01 0.2512703109
[235,] 8.569845e-02 0.9143015511
[236,] 1.488836e-01 0.8511163882
[237,] 1.083451e-01 0.8916548509
[238,] 8.441047e-01 0.1558953131
[239,] 7.947294e-01 0.2052705508
[240,] 8.205438e-01 0.1794562304
[241,] 9.643580e-01 0.0356420270
[242,] 8.685500e-01 0.1314499806
[243,] 6.785603e-01 0.3214396938
[244,] 9.782620e-01 0.0217380379
[245,] 9.467075e-01 0.0532924949
[246,] 8.718934e-01 0.1281065909
[247,] 9.479337e-01 0.0520662624
[248,] 4.646282e-03 0.9953537176
[249,] 4.673870e-01 0.5326129944
[250,] 5.939672e-01 0.4060328468
[251,] 3.473147e-04 0.9996526853
[252,] 3.543746e-01 0.6456253872
[253,] 5.451870e-01 0.4548129699
[254,] 9.526355e-01 0.0473645255
[255,] 9.036230e-01 0.0963769594
[256,] 9.392972e-01 0.0607028138
> pred1<-predict(my_model,test[,-9])
> pred1
  [1] 1 0 1 0 0 0 0 1 1 0 0 0 1 0 1 1 0 1 1 0 0 0 0 0 1 0 0 0 0 0 0 0 0 1 0 0 0 1 0 0 0 0 0 1 0 0 0 0 1 0 1 1 1 0 0 0 0 0 0 1
 [61] 0 1 0 0 1 0 0 0 1 1 0 1 0 0 0 0 1 0 0 0 0 1 0 0 0 1 1 0 1 0 1 0 0 0 0 1 0 0 1 0 0 0 1 0 1 0 0 1 0 1 1 0 1 0 0 0 0 0 1 1
[121] 1 0 0 0 1 0 1 0 0 0 0 1 0 0 1 0 0 0 0 0 0 0 0 0 0 0 1 0 0 0 0 0 1 1 0 0 0 0 0 0 0 1 1 0 0 1 0 0 0 0 0 0 1 0 0 0 0 0 0 1
[181] 1 1 1 1 0 0 1 0 0 0 0 0 0 1 1 0 0 1 1 0 0 1 0 1 1 1 0 1 0 0 0 0 0 0 1 1 1 0 0 1 1 0 1 0 1 1 1 0 0 0 0 1 0 0 1 1 1 0 0 0
[241] 0 0 0 0 0 0 0 1 1 0 1 1 0 0 0 0
Levels: 0 1
> table(pred1,test$Outcome,dnn = c("predicted","Actual"))
         Actual
predicted   0   1
        0 134  39
        1  26  57
> output <- cbind(test,pred1)
> View(output)
